  -1.0833333e+00	
  -1.0000000e+00	
  -9.5833333e-01	
  -9.1666667e-01	
  -8.7500000e-01	
  -8.3333333e-01	
  -7.9166667e-01	
  -7.5000000e-01	
  -7.0833333e-01	
  -7.0000000e-01	
  -6.9166667e-01	
  -6.8333333e-01	
  -6.7500000e-01	
  -6.6666667e-01	
  -6.5833333e-01	
  -6.5000000e-01	
  -6.4166667e-01	
  -6.3333333e-01	
  -6.2500000e-01	
  -6.1666667e-01	
  -6.0833333e-01	
  -6.0000000e-01	
  -5.9166667e-01	
  -5.8333333e-01	
  -5.7500000e-01	
  -5.6666667e-01	
  -5.5833333e-01	
  -5.5000000e-01	
  -5.4166667e-01	
  -5.2500000e-01	
  -5.0833333e-01	
  -4.9166667e-01	
  -4.7500000e-01	
  -4.5000000e-01	
  -4.1666667e-01	
  -3.3333333e-01	
  -2.5000000e-01	
  -1.6666667e-01	
  -8.3333333e-02	
   0.0000000e+00	
   8.3333333e-02	
   1.6666667e-01	
   2.5000000e-01	
   3.3333333e-01	
   3.7500000e-01	
   4.1666667e-01	
   4.2500000e-01	
   4.3333333e-01	
   4.4166667e-01	
   4.5000000e-01	
   4.5833333e-01	
   4.6666667e-01	
   4.7500000e-01	
   4.8333333e-01	
   4.9166667e-01	
   5.0000000e-01	
   5.0833333e-01	
   5.1666667e-01	
   5.2500000e-01	
   5.3333333e-01	
   5.4166667e-01	
   5.5000000e-01	
   5.5833333e-01	
   5.6666667e-01	
   5.7500000e-01	
   5.8333333e-01	
   5.9166667e-01	
   6.0000000e-01	
   6.0833333e-01	
   6.1666667e-01	
   6.2500000e-01	
   6.3333333e-01	
   6.6666667e-01	
   7.0833333e-01	
   7.5000000e-01	
   8.3333333e-01	
   9.1666667e-01