  -2.8333333e+00	
  -2.7500000e+00	
  -2.6666667e+00	
  -2.5833333e+00	
  -2.5000000e+00	
  -2.4166667e+00	
  -2.3333333e+00	
  -2.2500000e+00	
  -2.1666667e+00	
  -2.0833333e+00	
  -2.0000000e+00	
  -1.9166667e+00	
  -1.8333333e+00	
  -1.7500000e+00	
  -1.6666667e+00	
  -1.5833333e+00	
  -1.5000000e+00	
  -1.4166667e+00	
  -1.3333333e+00	
  -1.2500000e+00	
  -1.0833333e+00	
  -1.0000000e+00	
  -9.1666667e-01	
  -8.3333333e-01	
  -7.5000000e-01	
  -6.6666667e-01	
  -5.8333333e-01	
  -5.0000000e-01	
  -4.1666667e-01	
  -3.3333333e-01	
  -2.5000000e-01	
  -1.6666667e-01	
  -8.3333333e-02	
   0.0000000e+00	
   8.3333333e-02	
   1.6666667e-01	
   2.5000000e-01	
   3.3333333e-01	
   4.1666667e-01	
   5.0000000e-01	
   5.8333333e-01	
   6.6666667e-01	
   7.5000000e-01	
   8.3333333e-01	
   9.1666667e-01	
   1.0000000e+00	
   1.0833333e+00	
   1.1666667e+00	
   1.2500000e+00	
   1.3333333e+00	
   1.4166667e+00	
   1.5833333e+00	
   1.6666667e+00	
   1.7500000e+00	
   1.8333333e+00	
   1.9166667e+00	
   2.0000000e+00	
   2.0833333e+00	
   2.1666667e+00	
   2.2500000e+00	
   2.3333333e+00	
   2.3750000e+00	
