  -1.6666667e+00	
  -1.5000000e+00	
  -1.3333333e+00	
  -1.1666667e+00	
  -1.0833333e+00	
  -1.0000000e+00	
  -9.1666667e-01	
  -8.3333333e-01	
  -7.9166667e-01	
  -7.5000000e-01	
  -7.0833333e-01	
  -6.6666667e-01	
  -6.2500000e-01	
  -5.8333333e-01	
  -5.4166667e-01	
  -5.0000000e-01	
  -4.5833333e-01	
  -4.1666667e-01	
  -3.7500000e-01	
  -3.3333333e-01	
  -2.9166667e-01	
  -2.5000000e-01	
  -2.0833333e-01	
  -1.2500000e-01	
  -4.1666667e-02	
   4.1666667e-02	
   1.2500000e-01	
   2.0833333e-01	
   2.9166667e-01	
   3.7500000e-01	
   4.1666667e-01	
   4.5833333e-01	
   5.0000000e-01	
   5.4166667e-01	
   5.8333333e-01	
   6.2500000e-01	
   6.6666667e-01	
   7.0833333e-01	
   7.5000000e-01	
   7.9166667e-01	
   8.3333333e-01	
   8.7500000e-01	
   9.1666667e-01	
   9.5833333e-01	
   1.0416667e+00	
   1.1250000e+00	
   1.2083333e+00	
   1.2916667e+00	
   1.4583333e+00	
   1.6250000e+00	